; sds_jump_icdf.dat — SDS diffusion-jump inverse-CDF statistics
; REGENERATED: this file is an
; ion_gym artifact — an independent Monte Carlo of the PUBLISHED procedure of
; Appelhans & Dahl, Int. J. Mass Spectrom. 244 (2005) 1-14, Sec. 2.5 ('random'
; collection): MB-initialized ions (mean speed 1), Exp(1) free paths (MFP=1),
; elastic hard-sphere collisions with equal-temperature MB gas partners
; (partner draw: flux-weighted MB, distance-step Exp(1)); r from origin recorded after 100000 collisions
; for 100000 ions per curve (seeds 20260803).
; Curves: mass_ion/mass_gas = 1, 10, 100, 1000, 10000; each entry is a 0.1%
; probability step (1002 points: min, 0.1%..99.9%, max).
; MBMR1: mass_ion/mass_gas = 1
7.647
52.3529
64.6612
73.1712
80.8467
87.1164
93.4498
99.1145
103.725
108.251
112.404
116.11
119.325
122.665
126.044
128.802
131.479
134.309
136.835
139.294
142.118
144.617
147.323
149.516
151.916
153.967
156.282
158.357
160.481
162.376
164.155
166.26
167.907
169.776
171.487
173.438
175.094
176.657
178.399
179.937
181.489
183.096
184.893
186.525
187.973
189.535
191.157
192.411
193.786
195.456
197.002
198.471
199.887
200.959
202.438
203.743
205.071
206.412
207.51
208.699
210.172
211.381
212.604
213.775
215.135
216.557
217.572
218.419
219.681
220.71
221.885
223
224.163
225.608
226.526
227.626
228.707
229.729
231.038
231.974
232.858
233.935
235.044
236.168
237.326
238.299
239.437
240.487
241.567
242.557
243.701
244.77
246.011
246.978
247.785
248.79
249.695
250.568
251.465
252.442
253.319
254.329
255.289
256.221
257.144
258.247
259.217
259.992
260.929
261.754
262.63
263.557
264.435
265.311
266.15
267.174
268.107
268.953
269.855
270.676
271.345
272.413
273.163
273.984
274.819
275.527
276.317
277.152
278.051
278.782
279.567
280.497
281.306
282.146
283.077
283.954
284.839
285.752
286.559
287.47
288.359
289.128
289.855
290.683
291.389
292.099
292.886
293.676
294.453
295.238
296.083
296.761
297.618
298.469
299.311
300.029
300.641
301.44
302.109
302.778
303.518
304.181
305.079
305.652
306.505
307.239
307.993
308.801
309.527
310.198
311.043
311.674
312.444
313.044
313.839
314.738
315.401
316.148
316.83
317.601
318.343
319.065
319.704
320.382
321.068
321.791
322.596
323.342
324.053
324.766
325.404
326.185
326.902
327.487
328.158
328.859
329.56
330.306
331.011
331.777
332.456
333.085
333.809
334.417
335.076
335.77
336.451
337.247
337.906
338.602
339.183
339.707
340.45
341.098
341.743
342.488
343.232
343.922
344.641
345.303
345.998
346.688
347.389
348.112
348.707
349.362
350.141
350.788
351.514
352.207
352.852
353.52
354.265
354.904
355.52
356.067
356.557
357.28
357.93
358.528
359.114
359.817
360.4
360.944
361.645
362.412
362.977
363.52
364.159
364.796
365.41
366.145
366.716
367.318
367.987
368.549
369.136
369.7
370.268
370.751
371.364
372.014
372.591
373.207
373.776
374.343
374.933
375.598
376.281
376.839
377.501
378.207
378.911
379.431
379.986
380.634
381.28
381.814
382.451
383.113
383.714
384.286
384.904
385.556
386.134
386.645
387.259
387.775
388.444
388.97
389.576
390.188
390.902
391.541
392.221
392.888
393.569
394.238
394.865
395.449
395.953
396.593
397.071
397.59
398.201
398.832
399.423
399.992
400.597
401.26
401.837
402.366
403.109
403.669
404.328
404.919
405.615
406.2
406.77
407.343
408.011
408.568
409.098
409.754
410.44
411.032
411.72
412.344
412.906
413.461
414.104
414.66
415.252
415.86
416.451
417.083
417.726
418.332
418.898
419.491
419.998
420.612
421.266
421.926
422.435
423.008
423.54
424.099
424.576
425.245
425.812
426.333
426.814
427.422
428.041
428.739
429.317
429.922
430.579
431.168
431.764
432.218
432.719
433.297
433.823
434.314
434.885
435.389
435.974
436.542
437.088
437.639
438.223
438.769
439.292
439.801
440.38
440.973
441.552
442.12
442.653
443.127
443.7
444.175
444.679
445.262
445.762
446.383
446.866
447.454
447.972
448.563
449.127
449.537
450.161
450.696
451.311
451.946
452.598
453.246
453.909
454.531
455.161
455.678
456.219
456.787
457.454
458.077
458.726
459.236
459.869
460.392
460.944
461.435
462.023
462.666
463.264
463.814
464.347
464.861
465.429
465.981
466.466
467.041
467.649
468.301
468.827
469.385
469.951
470.44
471.067
471.562
472.215
472.774
473.375
473.945
474.459
475.198
475.695
476.301
476.852
477.416
478.075
478.58
479.191
479.795
480.323
480.792
481.405
481.913
482.379
482.991
483.545
484.054
484.65
485.283
485.767
486.252
486.786
487.382
488.014
488.57
489.146
489.797
490.369
490.968
491.564
492.112
492.779
493.354
493.957
494.495
495.137
495.755
496.363
496.919
497.412
498.057
498.731
499.397
499.956
500.518
501.143
501.726
502.192
502.663
503.232
503.846
504.463
505.036
505.576
506.25
506.719
507.318
507.907
508.532
509.137
509.694
510.263
510.859
511.444
512.058
512.604
513.204
513.814
514.383
514.938
515.533
516.085
516.676
517.16
517.662
518.214
518.768
519.302
519.811
520.442
521.028
521.58
522.016
522.637
523.156
523.671
524.145
524.685
525.23
525.77
526.337
526.895
527.489
528.056
528.648
529.267
529.789
530.433
531.079
531.701
532.295
532.834
533.405
534.066
534.584
535.12
535.671
536.231
536.638
537.284
537.766
538.329
538.946
539.566
540.205
540.848
541.527
542.179
542.869
543.41
543.958
544.613
545.229
545.769
546.282
546.852
547.598
548.203
548.768
549.259
549.827
550.425
551.065
551.703
552.312
552.956
553.474
554.089
554.677
555.258
555.83
556.321
556.894
557.53
558.229
558.761
559.285
559.901
560.454
561.075
561.714
562.317
562.931
563.476
564.073
564.638
565.278
565.899
566.522
567.159
567.695
568.231
568.8
569.423
569.97
570.594
571.236
571.891
572.422
573.104
573.742
574.385
575.027
575.544
576.141
576.763
577.491
578.147
578.808
579.549
580.191
580.798
581.42
581.994
582.599
583.305
584.085
584.623
585.263
585.917
586.473
587.129
587.787
588.379
588.91
589.576
590.285
591.065
591.688
592.318
592.932
593.588
594.336
595.026
595.57
596.206
596.849
597.564
598.156
598.786
599.477
600.13
600.905
601.581
602.205
602.867
603.474
604.178
604.827
605.356
605.963
606.824
607.486
608.217
608.888
609.53
610.402
611.089
611.637
612.232
613.054
613.685
614.305
615.065
615.658
616.303
616.906
617.638
618.375
618.998
619.633
620.34
620.924
621.642
622.289
622.968
623.621
624.318
624.941
625.712
626.307
626.997
627.796
628.528
629.192
629.932
630.654
631.334
631.975
632.646
633.299
633.96
634.74
635.43
636.125
636.768
637.509
638.224
638.951
639.604
640.426
640.975
641.661
642.294
643.117
643.743
644.555
645.241
645.895
646.697
647.395
648.036
648.729
649.407
650.097
651.056
651.907
652.72
653.386
654.131
654.866
655.637
656.351
657.23
658.003
658.839
659.577
660.432
661.245
662.046
662.8
663.562
664.366
665.04
665.778
666.52
667.311
668.183
668.808
669.525
670.195
670.974
671.818
672.705
673.518
674.338
675.138
675.981
676.73
677.468
678.204
678.997
679.823
680.491
681.355
682.175
683.052
683.865
684.665
685.478
686.255
687.138
687.846
688.701
689.394
690.294
691.15
691.98
692.676
693.653
694.513
695.259
696.058
696.851
697.714
698.541
699.507
700.54
701.338
702.058
702.969
703.861
704.691
705.505
706.292
707.138
708.037
708.844
709.914
710.7
711.46
712.471
713.524
714.478
715.29
716.277
717.235
718.269
719.159
719.863
720.688
721.816
722.786
723.837
724.819
725.776
726.776
727.661
728.532
729.522
730.514
731.753
732.838
733.867
734.757
735.862
736.813
737.806
738.773
739.788
740.943
741.845
742.81
743.826
744.672
745.767
746.794
747.915
748.987
749.985
750.956
752.128
753.163
754.241
755.265
756.347
757.553
758.763
760.04
761.117
762.38
763.617
764.529
765.798
766.763
768.075
769.024
770.087
771.091
772.17
773.226
774.336
775.504
776.87
778.084
779.17
780.149
781.321
782.611
783.654
785.103
786.37
787.571
788.897
790.098
791.579
792.796
793.949
795.241
796.434
797.585
799.11
800.472
801.73
803.022
804.106
805.42
806.876
808.307
809.678
811.134
812.618
814.107
815.318
816.859
818.327
819.893
821.332
822.851
824.094
825.425
826.66
827.994
829.62
830.9
832.178
833.632
835.208
837.002
839.05
841.012
842.497
843.901
845.345
847.1
848.674
850.509
852.065
853.932
855.541
857.224
858.845
860.765
862.4
864.324
866.149
868.237
870.13
871.798
873.712
875.53
877.563
879.229
881.444
883.225
885.457
887.301
889.356
891.623
894.098
896.043
898.168
900.781
903.096
905.375
907.754
910.299
912.723
914.974
917.371
919.636
921.736
924.013
927.278
930.091
932.75
935.202
937.923
940.931
943.711
946.307
949.487
952.088
955.138
959.362
962.746
966.225
970.131
973.424
976.332
980.216
984.058
988.562
992.382
995.964
1000.2
1004.16
1008.35
1013.84
1019.19
1024.19
1029.59
1034.12
1039.76
1045.56
1052.41
1058.8
1065
1072.12
1080.06
1086.84
1096.62
1104.36
1114.36
1125.24
1137.61
1149.55
1164.58
1179.15
1200.78
1229.39
1267.74
1332.29
1680.59
1680.59
; MBMR2: mass_ion/mass_gas = 10
7.61613
112.365
139.593
164.163
178.919
193.009
204.974
215.339
224.547
233.34
241.388
248.58
255.937
262.314
268.576
275.54
282.497
288.529
294.603
301.129
306.326
312.205
316.89
321.879
326.459
331.139
335.477
340.546
344.025
349.245
353.553
357.99
361.91
365.879
369.61
373.141
376.989
381.347
384.129
387.276
391.273
394.904
398.47
401.977
404.736
407.928
410.699
414.756
418.506
421.757
424.807
427.888
430.465
433.03
435.891
439.201
442.18
444.947
448.113
451.267
453.936
456.704
459.434
461.822
464.619
467.521
470.001
472.219
474.403
476.601
479.404
481.753
484.217
486.378
489.088
491.403
493.702
495.86
498.394
500.693
502.88
504.97
507.115
509.557
512.293
514.744
516.752
519.129
521.035
523.104
525.55
527.984
530.192
532.519
534.542
536.583
539.032
541.172
543.451
545.622
547.656
550.024
551.71
553.466
555.428
556.941
558.666
560.715
562.821
564.821
566.855
568.713
570.32
572.018
573.977
575.993
578.122
579.818
581.717
583.537
585.368
587.239
589.434
591.199
592.958
594.791
596.743
598.647
600.502
602.245
604.046
605.907
607.31
609.221
610.892
613.035
614.805
616.407
618.176
619.889
621.517
622.999
624.526
626.173
627.613
628.843
630.263
632.003
633.921
635.882
637.764
639.739
641.617
643.1
644.847
646.328
647.973
649.858
651.598
653.412
654.758
656.593
658.205
659.928
661.619
663.161
664.675
666.302
667.901
669.811
671.53
673.02
674.699
675.965
677.561
679.222
680.819
682.557
684.177
685.721
687.155
688.722
690.022
691.51
692.87
694.183
695.697
697.2
698.885
700.4
702.039
703.527
704.676
706.02
707.67
709.027
710.482
711.934
713.549
715.149
716.663
718.248
719.809
721.19
722.579
724.027
725.719
727.213
728.472
729.985
731.632
732.928
734.304
735.798
737.258
738.666
740.13
741.629
743.22
744.596
746.026
747.519
748.796
750.277
751.689
753.183
754.594
756.033
757.448
758.836
760.432
761.771
762.932
764.184
765.666
766.865
768.128
769.747
771.109
772.449
773.879
775.301
776.62
777.993
779.305
780.67
782.047
783.383
784.812
786.125
787.5
788.779
790.124
791.394
792.637
793.804
795.09
796.514
797.612
798.681
800.196
801.57
802.935
804.194
805.48
806.673
807.978
809.297
810.526
811.579
812.851
814.24
815.667
817.184
818.761
820
821.375
822.395
823.573
824.92
826.294
827.656
829.02
830.442
831.578
832.887
834.018
835.916
837.166
838.327
839.771
841.125
842.573
843.713
845.106
846.442
847.653
848.851
849.961
851.325
852.653
853.922
855.399
856.905
858.373
859.875
861.267
862.508
863.665
864.847
865.981
867.245
868.636
869.87
870.979
872.31
873.509
875.003
876.256
877.536
878.808
880.1
881.372
882.423
883.735
884.982
886.157
887.484
888.731
889.837
891.175
892.216
893.492
894.658
895.754
896.894
898.204
899.536
900.916
902.036
903.311
904.31
905.465
906.761
908.125
909.213
910.391
911.59
912.7
913.883
915.089
916.059
917.23
918.363
919.5
920.631
921.756
922.886
924.176
925.42
926.653
927.807
929.1
930.323
931.595
932.708
933.799
935.085
936.415
937.561
938.949
940.489
941.618
942.848
944.083
945.337
946.656
947.849
949.074
950.318
951.569
952.801
954.04
955.283
956.391
957.818
958.874
959.915
961.188
962.404
963.511
964.478
965.823
967.292
968.635
969.777
971.105
972.375
973.514
974.742
975.847
977.075
978.288
979.375
980.506
981.767
982.92
984.137
985.304
986.369
987.511
988.836
990.011
991.368
992.49
993.587
994.626
996.061
997.346
998.326
999.432
1000.68
1001.92
1003.14
1004.32
1005.34
1006.39
1007.55
1008.7
1009.96
1011.21
1012.49
1013.76
1014.92
1016.17
1017.54
1018.82
1019.91
1021.3
1022.64
1023.65
1024.94
1026.14
1027.34
1028.76
1030.06
1031.18
1032.38
1033.78
1035.09
1036.48
1037.53
1038.75
1040.03
1041.2
1042.35
1043.55
1044.75
1045.96
1047.45
1048.66
1049.93
1051
1052.3
1053.42
1054.66
1055.87
1057.18
1058.21
1059.28
1060.49
1061.8
1062.9
1064.28
1065.39
1066.62
1067.65
1068.75
1070.16
1071.39
1072.56
1073.87
1075.11
1076.21
1077.56
1078.9
1080.22
1081.52
1082.69
1084
1085.34
1086.56
1087.65
1088.6
1089.86
1091.36
1092.7
1093.84
1095.08
1096.38
1097.7
1098.99
1100.29
1101.52
1102.88
1104.09
1105.19
1106.27
1107.46
1108.81
1109.97
1111.27
1112.6
1113.76
1114.96
1116.09
1117.62
1119.12
1120.35
1121.45
1122.87
1124.14
1125.32
1126.64
1127.88
1129.34
1130.63
1131.79
1133.11
1134.53
1135.78
1136.98
1137.97
1139.15
1140.42
1141.97
1143.1
1144.38
1145.61
1146.95
1148.33
1149.61
1151.17
1152.46
1153.63
1154.92
1156.05
1157.4
1158.66
1159.89
1161.27
1162.41
1163.4
1164.73
1165.93
1167.46
1168.59
1169.88
1171.04
1172.27
1173.61
1175.05
1176.51
1177.81
1179.06
1180.19
1181.68
1182.92
1184.13
1185.3
1186.77
1187.87
1189.16
1190.53
1191.64
1192.8
1194.22
1195.72
1196.87
1198.03
1199.31
1200.6
1202
1203.34
1204.61
1205.86
1207.19
1208.55
1209.77
1211.18
1212.43
1213.77
1215.04
1216.23
1217.44
1218.74
1219.83
1221.19
1222.61
1223.73
1224.97
1226.19
1227.45
1228.65
1229.86
1230.98
1232.18
1233.42
1234.71
1236.22
1237.86
1239.15
1240.47
1241.62
1243.1
1244.62
1246.22
1247.43
1248.74
1250.27
1251.64
1252.83
1253.94
1255.15
1256.44
1257.64
1258.98
1260.3
1261.66
1263.17
1264.64
1266.03
1267.43
1268.74
1270.07
1271.34
1272.73
1274.39
1275.79
1277.18
1278.44
1279.83
1281.13
1282.65
1284.02
1285.24
1286.78
1288.43
1289.71
1291.23
1292.73
1294.07
1295.5
1296.88
1298.35
1299.88
1301.32
1302.8
1304.1
1305.62
1307.07
1308.43
1309.88
1311.44
1312.86
1314.12
1315.51
1316.92
1318.29
1319.7
1321.15
1322.53
1323.67
1325.33
1326.91
1328.21
1329.55
1331.12
1332.44
1333.86
1335.49
1336.86
1338.59
1339.89
1341.37
1342.8
1344.59
1345.96
1347.6
1348.94
1350.42
1351.99
1353.58
1354.97
1356.19
1358.05
1359.7
1361.14
1362.69
1364.11
1365.64
1367.21
1368.87
1370.44
1371.9
1373.61
1375.05
1376.89
1378.7
1380.5
1382.08
1383.48
1385.04
1386.45
1387.88
1389.42
1390.99
1392.36
1393.99
1395.47
1397.32
1398.75
1400.37
1401.82
1403.18
1404.72
1406.3
1407.85
1409.61
1411.13
1412.99
1414.58
1416.24
1417.83
1419.54
1421.26
1422.99
1424.53
1426.14
1427.96
1429.68
1431.49
1433.21
1434.96
1436.41
1438.07
1439.7
1441.25
1442.72
1444.5
1446.48
1448.1
1450.22
1451.81
1453.57
1455.03
1456.96
1459.06
1460.79
1462.57
1464.51
1466.3
1467.99
1469.73
1471.38
1473
1475.09
1476.74
1478.13
1479.88
1481.92
1483.66
1485.55
1486.86
1488.7
1490.76
1492.75
1494.68
1496.38
1498.35
1500.06
1501.57
1503.72
1505.19
1507.32
1509.13
1510.87
1512.78
1514.8
1516.33
1518.1
1519.95
1522.06
1523.95
1525.82
1527.81
1529.52
1531.36
1533.23
1535.36
1537.16
1538.92
1540.84
1542.47
1544.3
1546.17
1547.72
1550.02
1552.1
1553.92
1555.68
1557.63
1559.7
1561.85
1563.73
1566.11
1568.06
1570.08
1572.02
1574.26
1575.94
1578.05
1580.27
1582.81
1584.82
1586.89
1589.31
1591.43
1593.51
1595.76
1597.94
1599.99
1602.25
1604.38
1606.78
1608.9
1611.53
1614.13
1616.5
1618.4
1620.76
1623.16
1625.55
1628.17
1630.7
1633.29
1635.6
1637.91
1639.95
1642.72
1645.13
1647.49
1649.31
1651.61
1653.72
1656.38
1658.85
1661.5
1663.72
1665.8
1668.6
1670.79
1673.41
1676.04
1678.83
1681.41
1684.28
1686.79
1689.61
1692.09
1694.84
1698.22
1700.97
1703.35
1706.07
1708.58
1711.09
1713.31
1715.72
1718.37
1721.43
1724.4
1727.18
1730.21
1732.99
1736.23
1739.1
1741.99
1745.2
1748.28
1751.18
1753.84
1757.03
1760.45
1763.34
1766.06
1769.08
1772.46
1776
1779.22
1782.41
1785.54
1788.74
1791.7
1795.2
1798.87
1803.38
1806.9
1810.93
1814.66
1818.48
1821.91
1825.72
1828.51
1832.3
1835.84
1839.45
1842.96
1846.59
1851.6
1855.26
1859.54
1864.11
1867.83
1871.3
1875.14
1879.09
1883.12
1886.43
1890.91
1894.76
1899.35
1903.97
1908.08
1911.93
1916.37
1920.77
1925.46
1930.52
1936.1
1940.72
1944.74
1949.49
1953.97
1958.57
1963.77
1969.06
1974.47
1979.84
1984.89
1990.98
1997.11
2002.89
2008.52
2014.31
2020.19
2026.88
2032.63
2039.16
2046.06
2053.48
2060.14
2066.67
2073.17
2079.41
2087.38
2095.41
2103.5
2111.83
2119.85
2129.29
2138.06
2146.09
2155.43
2164.82
2173.46
2184.43
2193.41
2204.23
2213.31
2225.12
2235.95
2251.54
2265.16
2280.59
2295.54
2314.48
2333.27
2354.87
2380.87
2403.35
2422.11
2455.23
2483.79
2520.74
2553.56
2601.48
2665.12
2758.38
2897.1
3554.95
3554.95
; MBMR3: mass_ion/mass_gas = 100
47.368
327.648
433.362
487.199
535.121
575.169
609.864
643.075
669.547
693.322
714.547
739.52
762.642
781.867
806.396
825.726
843.178
861.591
880.592
895.979
912.479
928.678
943.983
957.447
972.434
985.633
1000.26
1014.01
1024.9
1037.27
1049.75
1062.13
1074.05
1085.36
1097.49
1108.78
1119.4
1129.66
1139.29
1150.47
1158.76
1169.75
1180.14
1188.8
1196.53
1205.33
1214.65
1225.86
1234.33
1243.03
1252.4
1262.87
1271.46
1280.13
1288.43
1298.01
1305.35
1312.96
1323.24
1330.46
1338.85
1346.48
1354.25
1361.92
1370.24
1378.18
1384.69
1392.57
1400
1407.37
1414.5
1422.95
1429.59
1436.12
1442.09
1448.14
1454.72
1461.85
1468.54
1475.19
1482.29
1489.3
1497.37
1504.83
1511.63
1518.18
1525.16
1531.23
1538.07
1544.93
1551.72
1557.66
1564.33
1570.66
1577.51
1584.21
1589.27
1594.73
1600.92
1607.76
1614.54
1621.28
1628.83
1633.74
1640.28
1646.26
1651.55
1657.28
1662.7
1668.48
1674.89
1680.08
1685.78
1691.97
1697.48
1702.95
1708.43
1714.4
1720.45
1726.58
1731.38
1737.64
1743.86
1749.49
1754.84
1760.34
1765.05
1770.22
1774.17
1778.94
1784.43
1791.91
1797.22
1802.31
1806.77
1812.24
1816.98
1821.96
1826.85
1831.47
1836.49
1841.52
1846.9
1852.19
1857.08
1862.15
1866.71
1870.95
1876.69
1882
1886.88
1892.41
1897.58
1902.24
1906.42
1911.53
1916.34
1921.91
1927.81
1932.88
1938.41
1943.37
1948.21
1953.05
1957.92
1963.09
1967.65
1972.01
1976.61
1981.15
1985.52
1990.74
1995.69
2000.21
2003.79
2008.81
2012.35
2017.38
2021.9
2026.6
2031.1
2035.48
2039.48
2043.4
2048.38
2052.79
2057.01
2061.02
2065.48
2070.17
2074.26
2078.65
2083.24
2087.7
2092.88
2096.43
2100.7
2105.44
2109.42
2114.61
2119
2122.41
2127.27
2131.81
2135.75
2139.42
2144.51
2148.2
2152.02
2156.75
2161.84
2166.46
2171.13
2175.64
2180.24
2184.68
2189.17
2193.61
2197.82
2201.97
2205.77
2210.02
2215.31
2219.75
2223.69
2228.06
2232.56
2237.26
2242.23
2246.35
2250.56
2255.73
2259.87
2263.51
2267.69
2271.86
2275.59
2280.19
2284.14
2288.41
2292.72
2297.44
2301.5
2305.3
2309.52
2313.49
2317.58
2321.72
2325.87
2330.24
2334.12
2337.91
2341.51
2345.06
2348.93
2352.51
2356.44
2360.44
2363.72
2367.45
2371.58
2375.64
2379.69
2383.58
2386.83
2391.13
2394.79
2397.8
2401.12
2405.91
2409.8
2413.71
2417.17
2421.07
2424.9
2428.63
2432.82
2436.69
2440.45
2444.42
2447.97
2451.58
2456.27
2459.85
2463.55
2467.67
2471.85
2476.56
2479.87
2483.56
2487.02
2491.24
2494.86
2498.76
2502.26
2505.93
2509.59
2513.13
2516.54
2519.88
2523.59
2527.74
2532.06
2535.56
2539.65
2543.64
2547.41
2551.77
2556
2560.29
2563.42
2568.29
2572
2575.59
2579.61
2584.29
2588.16
2592.2
2596.42
2600.58
2603.97
2607.21
2610.55
2614.85
2618.35
2622.12
2626
2629.6
2633.42
2636.7
2640.6
2644.02
2647.77
2651.89
2656.07
2659.26
2662.63
2666.19
2670.2
2673.84
2677.94
2681.44
2684.9
2688.64
2692.74
2695.91
2699.42
2703.08
2706.71
2710.89
2714.56
2718.55
2721.88
2725.67
2729.18
2733.01
2735.99
2739.49
2743.15
2747.16
2751.39
2755.55
2759.42
2762.45
2766.21
2769.63
2773.87
2777.18
2780.9
2784.37
2787.65
2791.1
2795.14
2799
2802.7
2806
2809.63
2813
2816.77
2820.33
2824.98
2828.5
2832.3
2836.49
2839.57
2843.07
2846.25
2849.26
2852.89
2856.02
2859.88
2863.75
2867.25
2871.08
2875.36
2879.35
2883.28
2887.26
2891.17
2894.51
2898.27
2902.01
2905.17
2908.33
2912.23
2915.52
2918.81
2922.47
2926.2
2929.74
2932.81
2936.51
2940.02
2943.28
2946.88
2950.28
2954.29
2957.58
2960.89
2964.01
2967.75
2971.87
2975.28
2978.29
2982.02
2985.98
2989.7
2993.21
2995.91
2999.32
3002.86
3005.97
3009.75
3012.69
3016.32
3019.33
3022.78
3026.26
3029.67
3033.04
3036.16
3040.1
3043.67
3047.97
3051.7
3055.47
3058.51
3062.68
3066.36
3070.81
3075.29
3078.66
3082.17
3085.11
3088.66
3092.54
3096.35
3099.93
3103.22
3106.54
3109.9
3113.55
3116.94
3120.12
3123.91
3127.17
3130.87
3134.4
3137.49
3141.01
3144.11
3148.27
3151.56
3155.02
3158.77
3162.87
3166.57
3170.37
3173.71
3177.52
3181.55
3185.6
3188.19
3191.81
3195.51
3199.11
3202.59
3206.08
3209.67
3213.93
3216.87
3220.24
3223.57
3227.18
3230.81
3234.61
3238.2
3242.18
3245.71
3248.89
3252.88
3256.15
3259.92
3263.15
3266.84
3270.86
3274.41
3277.74
3281.72
3284.86
3288.61
3292.45
3296.14
3299.49
3303.13
3306.57
3310.19
3313.35
3316.99
3320.73
3324.9
3328.7
3332.25
3335.93
3339.54
3342.84
3345.82
3349.32
3353.2
3357.34
3360.75
3365.08
3369.1
3372.8
3375.99
3379.34
3383.5
3387.51
3391.11
3394.94
3399.1
3403.37
3406.55
3409.96
3414.18
3418.32
3421.82
3425.62
3429.64
3432.75
3437
3440.83
3444.9
3448.57
3452.65
3456.53
3460.75
3463.65
3467.49
3471.33
3474.43
3477.74
3481.24
3484.93
3489.09
3493.09
3496.78
3500.29
3503.47
3507.09
3510.94
3514.67
3519.55
3523.99
3527.85
3532.46
3535.94
3539.94
3543.48
3547.57
3551.33
3554.97
3558.92
3562.84
3566.12
3570.23
3574.02
3577.44
3582.11
3586.21
3590.25
3593.45
3597.43
3601.18
3605.42
3609.14
3614.02
3617.52
3621.73
3625.09
3628.44
3632
3635.81
3640.01
3644.29
3649.02
3653.27
3657.4
3661.35
3665.81
3669.36
3673.41
3677.91
3683.1
3686.76
3690.9
3694.92
3698.53
3701.78
3705.7
3709.86
3714.38
3718.07
3721.89
3726.11
3730.42
3734.04
3738.48
3743.2
3746.68
3750.43
3754.4
3758.91
3762.66
3766.74
3770.15
3774.22
3778.65
3782.93
3786.97
3790.91
3795.53
3798.97
3803.3
3808.58
3813.09
3817.2
3820.95
3825.45
3829.58
3833.6
3838.47
3842.2
3846.6
3851.52
3855.22
3859.15
3863.79
3868.37
3871.95
3876.65
3881.25
3886.18
3890.17
3894.48
3898.52
3903.31
3907.43
3911.98
3916.03
3920.41
3925.23
3930.26
3934.81
3939.76
3943.68
3948.17
3952.38
3955.89
3961.1
3965.28
3968.88
3973.2
3977.75
3982.1
3986.81
3990.76
3995.58
3999.76
4004.68
4008.59
4012.33
4016.73
4020.79
4025.41
4029.98
4034.42
4039.49
4044.2
4048.08
4052.78
4057.01
4061.23
4066.07
4070.19
4075.72
4080.17
4084.96
4089.48
4094.15
4099.19
4103.72
4108.82
4112.9
4117.65
4121.92
4126.44
4131.16
4136.57
4141.22
4145.96
4150.24
4154.49
4159.42
4165.16
4169.8
4174.22
4178.34
4182.84
4188.03
4192.53
4196.81
4202.37
4206.37
4211.62
4215.75
4221.59
4226.36
4231.67
4236.97
4242.15
4246.77
4251.27
4256.13
4260.99
4266.32
4270.83
4276.15
4281.66
4286.46
4291.08
4296.43
4300.94
4306.46
4311.73
4316.62
4321.79
4327.47
4332.56
4337.34
4342.07
4346.43
4351.01
4356.64
4361.48
4366.3
4371.24
4376.63
4381.84
4387.69
4392.72
4398.02
4403.39
4408.37
4413.73
4418.39
4423.99
4429.38
4434.04
4440.07
4444.69
4450.15
4456.34
4462.27
4468.02
4472.98
4477.95
4483.62
4489.64
4494.37
4500.19
4505.72
4511.26
4516.68
4522.6
4528.95
4534.55
4540.86
4546.3
4551
4557.07
4562.79
4568.65
4574.29
4579.01
4585.01
4590.1
4595.3
4601.93
4609.37
4616.25
4623.28
4629.41
4636.08
4641.81
4646.75
4653.44
4659.04
4666.03
4671.57
4677.9
4684.1
4691.21
4697.97
4705.96
4712.27
4719.37
4726.67
4733.02
4739.68
4745.71
4752.2
4758.21
4763.79
4769.98
4777.14
4783.74
4790.72
4796.78
4802.48
4808.31
4814.49
4820.34
4826.63
4833.15
4840.29
4846.76
4853.48
4860.71
4867.38
4874.29
4881.9
4889.51
4897.61
4904.82
4911.79
4919.5
4927.34
4934.28
4942.48
4952.02
4959.88
4967.19
4973.12
4979.73
4986.98
4996.21
5003.62
5011.64
5019.75
5028.76
5036.51
5043.24
5052.8
5060.54
5068.35
5076.39
5084.2
5092.32
5099.87
5108.23
5116.85
5125.89
5132.88
5141.69
5152.49
5162.12
5170.22
5178.67
5187.16
5194.79
5204.46
5213.13
5222.71
5232.05
5242.17
5252.11
5262.76
5273.67
5282.11
5292.24
5301.01
5311.51
5322.09
5332.77
5343.18
5352.97
5363.91
5374.26
5382.62
5393.23
5401.27
5412.69
5421.44
5431.28
5442.82
5453.73
5464.72
5476.98
5489.53
5501.2
5512.76
5524.79
5536.29
5547.85
5559.65
5569.4
5581.6
5593.8
5606.39
5620.09
5634.22
5647.25
5658.92
5672.31
5687.53
5701.8
5715.64
5733.49
5746.14
5759.99
5774.92
5790.92
5809.07
5824.3
5840.5
5857.23
5874.21
5887.03
5905.01
5919.51
5935.64
5955.79
5973.43
5990.44
6012.49
6034.19
6049.01
6069.03
6086.71
6106.98
6128.37
6149.06
6168.99
6190.45
6213.78
6236.93
6262.19
6290.05
6312.66
6342.03
6371.63
6395.16
6426.79
6457.1
6488.34
6518.66
6550.31
6580.84
6615.55
6658.9
6697.52
6739.06
6783.22
6824.9
6872.17
6921.89
6974.07
7029.03
7084.43
7158.35
7234.49
7312.27
7404.54
7488.41
7625.14
7744.87
7897.2
8185.07
8596.42
10763.5
10763.5
; MBMR4: mass_ion/mass_gas = 1000
154.105
1051.09
1341.32
1526.97
1689.34
1817.18
1921.26
2017.48
2091.99
2186.08
2260.06
2334.44
2411.21
2471.34
2529.29
2597.03
2653.4
2709.46
2759.12
2812.28
2861.63
2913.31
2960.12
3000.77
3048.14
3094.98
3143.93
3191.13
3234.9
3269.56
3305.31
3341.44
3385.52
3421.13
3453.03
3489.98
3529.39
3564.61
3600.43
3629.82
3667.75
3698.83
3730.28
3757.99
3793.93
3821.45
3854.6
3886.94
3914.51
3943.9
3969.78
3998.22
4028.45
4053.57
4079.87
4110.36
4137.91
4165.73
4191.86
4218.12
4239.31
4270.56
4295.66
4329.25
4355
4387.07
4410.26
4429.77
4450.94
4475.91
4499.98
4519.8
4544.46
4568.46
4591.02
4621.42
4642.14
4665.31
4689.66
4713.31
4736.1
4756.43
4781.11
4799.51
4820.23
4841.75
4859.68
4880.16
4898.77
4917.65
4938.73
4957.51
4981.71
5000.31
5020.62
5040.22
5055.94
5077.55
5098.06
5115.49
5139.25
5158.37
5176.2
5193.51
5212.82
5232.26
5253.61
5271.59
5289.37
5310.05
5327.08
5344.08
5361.41
5378.1
5399.44
5416.17
5435.3
5454.2
5472.24
5489.49
5508.59
5527.22
5548.97
5566.51
5581.96
5598.89
5617.61
5633.43
5650.64
5666.79
5684.28
5701.12
5717.19
5734.98
5750.86
5766.29
5783.01
5797.69
5813.22
5828.49
5844.19
5858.75
5871.76
5887.21
5902.39
5919.2
5935.7
5951.29
5968.08
5981.33
5995.81
6012.24
6028.62
6044.24
6060.98
6074.35
6089.16
6105.48
6120.52
6135.12
6149.99
6165.6
6177.9
6191.5
6207.11
6221.73
6234.85
6250.01
6267.34
6281.2
6294.04
6308.09
6323.03
6336.52
6352.23
6365.5
6378.08
6390.8
6405.42
6418.23
6432.75
6447.48
6460.19
6477.76
6490.47
6505.93
6518.79
6532.02
6548.54
6563.51
6578.95
6592.34
6607.75
6621.69
6634.81
6648.16
6662.62
6676.17
6691.08
6703.61
6718.18
6730.83
6746.84
6761.08
6774.74
6789.91
6802.25
6814.74
6830.79
6844.04
6856.47
6870.25
6882.18
6896.55
6909.54
6922.24
6938.17
6950.36
6961.88
6973.62
6985.84
6997.39
7011.79
7026.8
7039.57
7053.2
7068.49
7080.36
7094.28
7105.72
7118.34
7132.44
7145.97
7159.89
7172.55
7186
7199.9
7213.62
7227.52
7243.07
7255.07
7268.16
7279.25
7295.16
7307.68
7321.4
7334.72
7349.48
7361.3
7373.8
7387.59
7399.33
7413.87
7426.15
7437.94
7449.74
7463.41
7477.85
7491.37
7503.45
7515.13
7527.12
7539.24
7552.08
7565.2
7577.55
7587.48
7598.16
7611.31
7624.53
7636.12
7652.35
7663.12
7676.34
7687.87
7699.96
7713.41
7725.3
7738.2
7750.3
7761.71
7774.76
7787.44
7800.8
7810.74
7822.81
7834.71
7844.59
7857.24
7870.13
7881.37
7891.65
7904.13
7915.07
7927.25
7940.32
7952.99
7964.31
7978.45
7990.67
8001.74
8010.63
8026.06
8037.96
8049.48
8060.04
8071.64
8082.59
8094.77
8105.14
8118.76
8129.98
8142.06
8152.55
8165.67
8178.12
8190.96
8201.45
8215.65
8227.1
8240.69
8252.93
8264.22
8275.89
8287.32
8298.05
8307.91
8318.7
8329.16
8341.38
8353.1
8364.36
8374.53
8385.71
8395.45
8407.12
8420.17
8430.77
8441.91
8452.9
8462.98
8475.73
8487.58
8497.15
8507.92
8518.38
8528.59
8541.22
8552.91
8563.65
8576.43
8587.26
8598.32
8610.52
8620.25
8630.04
8642.64
8653.27
8663.48
8673.5
8686.09
8697.15
8707.92
8720.73
8731.87
8741.68
8751.64
8762.8
8775.98
8787.42
8800.73
8812.09
8823.38
8833.59
8845.22
8858.24
8869.98
8880.36
8893.23
8904.86
8917.61
8929.51
8940.58
8949.6
8960.65
8970.24
8980.25
8991.56
9002.8
9014.24
9024.31
9035.65
9049.46
9060.08
9072.96
9085.93
9097.16
9110.24
9120.99
9130.45
9142.78
9153.09
9163.68
9176.75
9186.83
9197.1
9210.22
9222.72
9235.21
9246.64
9260.82
9272.51
9283.82
9295.65
9305.31
9315.88
9326.1
9337.37
9347.45
9359.19
9370.5
9381.29
9392.23
9403.46
9415.62
9427.45
9437.3
9448.16
9460.17
9469.39
9480.36
9491.47
9502.69
9512.76
9521.94
9533.9
9545.55
9558.16
9566.58
9577.14
9587.25
9596.74
9607.22
9619.03
9630.47
9641.86
9652.66
9664.54
9677.03
9688.59
9698.46
9710.47
9720.31
9730.17
9741.79
9753.51
9765.74
9776.05
9787.22
9799.57
9811.54
9821.67
9834.1
9844.35
9855.89
9866.5
9878.98
9891.59
9902.42
9914.1
9927.27
9939.25
9951.41
9963.54
9975.19
9987.19
9999.97
10010.1
10022
10032.9
10045.5
10057.2
10068
10080
10091.7
10102.9
10114.3
10124.7
10136.8
10147.8
10158.6
10170.4
10181.5
10192.8
10206.6
10217.5
10228.4
10239.3
10250.2
10261.5
10273.1
10285.3
10296.6
10307.9
10317.9
10328.8
10339.6
10349.5
10361.7
10373.2
10386.2
10397.5
10408.8
10419.1
10430.7
10440.6
10452.9
10466.1
10478.3
10487.5
10498.9
10511.1
10522.6
10533.9
10544.2
10553.8
10566.8
10577.6
10589.9
10601.5
10613.3
10623.2
10635.5
10646.3
10660.7
10672.5
10684.7
10694.9
10706.6
10717.7
10727.9
10740.1
10749.9
10763.8
10776
10786.9
10797.5
10810
10822.7
10834.1
10845
10856.6
10869.1
10881.6
10893.5
10905.7
10914.6
10925.3
10936.6
10947.9
10962.1
10972.7
10983.1
10992.8
11005.3
11016.7
11026.7
11038.2
11049.5
11061.1
11073.6
11087.6
11098.9
11111.3
11123.9
11136.1
11148.6
11162.2
11173.7
11183.8
11196.5
11207.5
11219.1
11229.3
11241.7
11254.9
11265.2
11277
11288.8
11302.7
11314.7
11327.7
11337.7
11349.6
11364.1
11374.8
11387.6
11399.7
11410.2
11422
11434.2
11448.7
11459.7
11471.3
11482.8
11494.3
11508.6
11521.8
11531.5
11547.4
11559.6
11572.7
11583.8
11595.9
11607.5
11620.7
11631.7
11643.5
11657.2
11667.3
11679.8
11693.4
11706.5
11720.8
11732.1
11744
11756.9
11770
11783.3
11795.9
11807.1
11820
11830
11843.8
11852.9
11864.2
11875.7
11886.7
11898.3
11908.7
11922.7
11934.9
11946.2
11960.1
11972.7
11985.7
11996.3
12011.1
12024.1
12039
12052.4
12068.3
12083
12095.7
12111.6
12122.8
12134.9
12147.9
12161.6
12175.2
12190.7
12203.1
12217.6
12230.5
12242.5
12254.6
12269
12281.5
12295.7
12308.4
12323.5
12336.7
12349.8
12366.1
12379.5
12393.6
12407.9
12422.8
12438.4
12450.6
12462.6
12477
12491
12504.4
12519.6
12533.3
12546.7
12562
12575.1
12591
12602.7
12616.9
12629
12646.2
12658.3
12671.2
12688.9
12702.8
12714.7
12729.3
12744.7
12757.3
12770.9
12784.6
12801.5
12816.7
12830.4
12844.1
12856.9
12872.6
12888
12902.6
12917.9
12929.9
12943.7
12960.5
12974.6
12990.2
13003
13015.4
13028.8
13045.2
13060.1
13074.3
13087.8
13102.8
13118.7
13131.6
13149.5
13163.6
13177.9
13191.9
13204.7
13221.4
13238.3
13250.8
13264.3
13282.6
13296.9
13309.5
13324.4
13341.6
13356.7
13374.8
13393.3
13409.5
13424.7
13441.1
13456.5
13470.3
13484.6
13501.1
13515.9
13531
13547.6
13559.9
13575.2
13589.7
13607.1
13624.1
13639.7
13655.5
13671.2
13686.6
13705.8
13721.2
13737.5
13755.2
13771.2
13787.3
13802.8
13820.9
13837.1
13857.5
13874.5
13889.4
13906.1
13921.8
13937.8
13955.8
13972.1
13986.8
14002.7
14020.2
14036.8
14055.6
14069.9
14086
14101.5
14118.4
14135.8
14154.9
14173.3
14191.6
14208.4
14227.3
14244.8
14264
14282.2
14301.6
14319.5
14338.6
14354.4
14369.5
14386.7
14406
14424.2
14439.7
14460.4
14476.1
14493.6
14514.5
14532.9
14550.7
14570
14588.9
14607.8
14623.5
14644.1
14661.8
14678.2
14695.8
14715.2
14733.7
14751.3
14772.1
14790.7
14809.9
14829.7
14847.2
14869.2
14894.4
14914.3
14935
14956.2
14974.9
14996.3
15018.7
15039.1
15061.1
15080.2
15107.1
15127.7
15151.5
15171.8
15190
15214.1
15234.7
15256.9
15277.3
15300.9
15324.4
15346.3
15370.3
15394.2
15418.5
15441.8
15462.8
15485.8
15511.6
15535.5
15560.1
15583.5
15607.2
15631.7
15658.7
15680.9
15705
15730.7
15754.3
15779.1
15802.5
15829.3
15853.4
15881.7
15911.4
15939.8
15966.7
15988.2
16015.7
16039.9
16069.2
16097.1
16120.6
16144.5
16171.7
16195.5
16221.1
16245.5
16270.6
16296.3
16323
16350.3
16380.7
16403.8
16430.9
16459.9
16491.3
16514.3
16540.5
16574.3
16599.4
16631.1
16665.2
16695.5
16737.1
16763.6
16798.3
16829.6
16862.9
16893.2
16928.1
16959.8
16994.1
17026.2
17064.2
17097.3
17138.8
17175.3
17211.8
17245.9
17285.7
17322.5
17357.1
17394.9
17425.7
17460.6
17494.7
17531.7
17570
17614.6
17658.7
17703.4
17741.1
17789.9
17824.9
17864.1
17907.5
17956.1
17992.3
18038.2
18079.4
18124.6
18171.8
18223.6
18264.5
18314.6
18371.7
18425.7
18479.8
18531.7
18575.6
18623.3
18681.6
18747.3
18808.6
18866.9
18935
18994.5
19051.5
19103.4
19174.7
19240.1
19305.3
19390.3
19453
19526.1
19589.2
19661.8
19735.4
19814.9
19893.8
19972.6
20052.4
20154
20259.6
20357.9
20466.6
20576.8
20679.7
20808.4
20897.6
21009
21119
21228.8
21365.8
21527.1
21697.5
21877.4
22064.2
22256.8
22446.5
22701
22991.3
23246.4
23639.1
24042.6
24504.2
25090.2
26303.2
32248.2
32248.2
; MBMR5: mass_ion/mass_gas = 10000
903.505
3297.58
4079.27
4695.53
5207
5675.85
5978.05
6277.6
6588.18
6858.32
7149.13
7355.25
7571.08
7794.54
8023.73
8245.96
8423.33
8599.19
8759.9
8927.86
9089.04
9261.16
9410.49
9571.78
9733.24
9835.29
9970.21
10108.1
10220.6
10373.3
10482.6
10645.5
10776.4
10910.6
11021.2
11135.4
11227.4
11334.3
11436.5
11530.1
11640.6
11748.9
11834.3
11933.7
12032.3
12112.9
12196.3
12268.8
12360.1
12450
12540.9
12620.4
12721.7
12802.8
12886.7
12961.8
13052.6
13132.2
13211.6
13304.4
13385.6
13474.5
13554.5
13631.3
13725.6
13790.2
13874
13944.5
14020.2
14090.7
14166.5
14244.2
14318
14392.8
14466.1
14539.3
14603.3
14668.9
14742.2
14814.8
14885.4
14944.9
15000.3
15063.1
15125.1
15182.2
15250.8
15324
15392.1
15458.5
15521.6
15581.1
15645.8
15719.7
15782.5
15839.5
15901.5
15966.1
16025.3
16084.3
16150.2
16208.5
16260.9
16316.8
16378.3
16440.6
16503.4
16559.9
16615.5
16678.9
16738.5
16795.4
16857.2
16914.6
16975.5
17030.5
17078
17138.6
17193.1
17239.6
17300.5
17360.8
17415.8
17483.1
17532.7
17582.2
17627.7
17681.1
17738.5
17788.8
17840.3
17886
17946.1
17997.4
18048.8
18100.7
18157.1
18201.5
18257.1
18307.5
18358.9
18408.7
18451.5
18501.6
18553.2
18609.1
18660.2
18701.3
18738.4
18787.5
18839.4
18892.8
18937.9
18984.5
19037.7
19088.8
19147
19200.8
19248.1
19302.5
19346.4
19391.1
19444.3
19494.5
19541.7
19583.5
19632.8
19680.1
19729.6
19775.9
19820.9
19865.9
19913.4
19964.9
20005.8
20048.2
20087.4
20131.5
20175.9
20224.4
20263.7
20305.6
20344.7
20392.9
20440.2
20483.6
20535.9
20580.5
20626.5
20665.4
20718.9
20766.7
20816.1
20862.7
20904.4
20949.9
20985.5
21027.2
21074.9
21115.4
21154.4
21189.5
21234.4
21275
21316.8
21355.4
21392
21429.5
21472.1
21517.2
21568
21605.9
21644.1
21687.8
21727.5
21765.4
21809
21845.7
21889.2
21927.2
21968.2
22006.5
22046.1
22089
22123.2
22165.5
22207.7
22243.8
22282
22317.1
22358.5
22404.2
22442.5
22485.1
22527.3
22565
22605.2
22654
22689.9
22726
22759.4
22810.6
22843.7
22890.6
22937
22983
23022.2
23070.2
23112
23145.3
23183.9
23224.6
23262.9
23298.2
23333.6
23368
23403.4
23441.3
23476.4
23509.1
23555.1
23594.9
23632.1
23671.2
23712.7
23744.1
23778.7
23818.5
23849
23888
23925.2
23964.1
24005.7
24046.4
24076.7
24113.9
24153.5
24188.7
24229.4
24271.3
24310.6
24347
24387.1
24427.8
24462.6
24495.6
24534.4
24581.8
24618.9
24653.8
24685.5
24722.8
24760
24803.3
24842.2
24881.4
24911.5
24948.5
24986.4
25027.4
25061.7
25096.4
25132
25169
25205
25236.6
25271.4
25312.4
25345.5
25383.7
25421.4
25456.3
25489.3
25519.4
25556.4
25592
25629.2
25668.3
25702.2
25735
25768.6
25806.6
25840.5
25883.5
25917.6
25952.9
25985.7
26016.2
26051
26088.3
26128.8
26170
26198.9
26235
26271.4
26315.2
26346.5
26382.6
26419.2
26449.7
26487.2
26521.4
26557
26593.8
26622.2
26661.7
26701.5
26737.2
26773
26806.6
26840.5
26880.5
26916.6
26953
26991.1
27027.7
27063.2
27090.5
27130.3
27159.4
27187.9
27222.1
27253.6
27289.8
27322.4
27355.1
27390.7
27423.8
27465.1
27498.8
27532.9
27567.5
27604.4
27635.7
27669.2
27697.3
27736.2
27768.7
27805
27842.9
27874.3
27907.3
27945.6
27980
28013
28050.9
28086.8
28118.2
28148.4
28182
28222.4
28258
28292.6
28324.1
28357.7
28388.7
28423.4
28459.2
28498.9
28531.5
28565.9
28603.3
28636.5
28667.8
28699.6
28732.9
28767.3
28807
28839.6
28873
28901.8
28940
28974.7
29013.1
29041
29072.2
29101.6
29135.3
29169.5
29207.2
29237.6
29267.9
29303.4
29335.2
29368.9
29406.6
29444.5
29484.1
29517.2
29546
29575.7
29612.8
29649
29683.5
29713.6
29747.2
29774.8
29804.2
29839.9
29873.1
29903.6
29937.7
29970
30005.8
30041.8
30075.6
30106.8
30142.3
30182.4
30219.2
30255
30288
30326.5
30360.7
30392.5
30427.2
30455.3
30489
30515.6
30544.5
30578.5
30618.7
30655.1
30688.3
30721.3
30754.9
30789.4
30824.7
30859.1
30890.8
30928.4
30966.8
30997.6
31037.8
31078.1
31113.2
31147.6
31180
31209.2
31243.5
31279.1
31312.9
31348.2
31381.9
31415.1
31451.4
31489.2
31528
31561.8
31592.3
31632.5
31663.8
31700.6
31737
31772.8
31810.6
31845.4
31882.1
31916.2
31947.5
31986.9
32029.1
32067.5
32105.7
32138.9
32165.3
32196.1
32228.1
32267.4
32301.1
32335.6
32367.7
32404.2
32437.3
32468.9
32502.2
32535.6
32564.9
32595.8
32629.1
32661.7
32694
32727.5
32764.7
32794.9
32827.8
32856.9
32889.9
32921.1
32950.9
32992.5
33029.3
33063.4
33094.7
33125.3
33166.4
33202.8
33239.5
33275.9
33315.3
33347.8
33386.7
33416.3
33447
33481.7
33516.1
33550.4
33585.7
33618.5
33652
33690.5
33721.6
33758
33794.1
33832.4
33870.3
33908.6
33939.6
33971.5
34001.5
34035.3
34071.3
34109.6
34141.6
34175
34211.3
34245.2
34281.6
34317.1
34360.6
34401.1
34436.5
34467.2
34501.1
34537
34578.9
34616.6
34655.8
34687.9
34722.6
34758
34790.5
34828.1
34861.8
34898
34936.2
34972.2
35008
35040.4
35074.8
35109.4
35138.3
35175.8
35212.7
35246.3
35281.6
35320.6
35362.7
35396
35430.2
35462.9
35498.6
35529.6
35568.8
35600.6
35633.9
35673.1
35707.4
35744.3
35781.4
35815.9
35860.7
35897.8
35936.3
35976.6
36015.8
36054.3
36090.8
36126.1
36167.8
36205.3
36237.3
36277.8
36310.4
36353.7
36389.1
36433.1
36471.5
36506
36540.1
36579.5
36613.7
36651.1
36696.8
36733.8
36775.8
36819.5
36854.5
36891.7
36931.6
36965.4
37005.8
37038.5
37079.4
37118.3
37152
37190.7
37231.2
37262.3
37298.9
37334.7
37377.6
37415
37456.7
37492.1
37540.2
37577.8
37615.5
37659.8
37695.8
37735.2
37770.5
37809.2
37852.4
37894.8
37934.8
37972.6
38011.1
38053.5
38091.3
38130.4
38180
38211.9
38253.2
38289.9
38333
38377.3
38420.3
38456.7
38501.1
38544.3
38574.8
38616.9
38657.7
38692.2
38741.3
38783.4
38828.6
38871.7
38906.6
38947.9
38985.6
39025.7
39063.7
39117.1
39159.6
39197.2
39237.1
39279.4
39316.5
39361.1
39403.8
39440.4
39480.1
39522.7
39559.3
39595.9
39637.2
39675.1
39719
39759.3
39801.6
39849.4
39896
39936.2
39986.6
40025.8
40070.1
40105.8
40147.2
40185.3
40229.6
40282.5
40322.2
40374.3
40418.1
40450.5
40490.2
40532.9
40576.8
40617.5
40661.5
40703.5
40750.7
40791.6
40830.7
40870.5
40914.7
40952
40999.1
41038.8
41081.9
41122
41175.3
41214
41253.2
41296.2
41345.9
41392.9
41436.4
41482.3
41530.7
41569.2
41611.3
41653.3
41701.1
41750.5
41790.2
41834.7
41871.2
41911.1
41950.4
42000.1
42043.2
42084.4
42137.9
42184.7
42230.2
42277.6
42326.7
42382.6
42441.9
42491.9
42535.9
42585.1
42634.5
42684
42737.3
42784.8
42835.2
42888.7
42937.3
42980.7
43024.9
43063
43104.5
43145.8
43196.9
43243
43288.4
43336.3
43379.3
43433.1
43480.5
43532.9
43579.4
43620.7
43671.9
43719.4
43768.2
43814.7
43870
43918.1
43964.7
44017.1
44060.3
44117.7
44173.7
44229.5
44298
44345.2
44398.3
44445.4
44492.7
44546.4
44596.5
44644.7
44697.8
44750.5
44810.7
44858.1
44907.6
44971.4
45028.9
45087.7
45136
45179.4
45225.3
45280.9
45333
45391
45451.6
45506.5
45562.4
45612.4
45677.6
45728.1
45782.4
45852.9
45908.2
45964.4
46019.9
46085.5
46147
46195.8
46247.8
46310.2
46367.1
46442.6
46500.6
46550.7
46614.8
46673.1
46727.5
46782.2
46843.2
46894.6
46958.4
47028.6
47097.5
47161.8
47217.2
47279.8
47345
47406
47474.5
47540.8
47611.3
47675.2
47741
47799.4
47871.5
47930.3
47997.6
48061.7
48123.6
48192.7
48266.9
48336.7
48407.5
48482.2
48550.7
48626
48702.1
48768
48842.7
48912.6
48981.5
49044.8
49111.8
49184
49261.1
49324.3
49388.8
49476.4
49559.6
49629.5
49708.8
49801.1
49878.8
49958.1
50029.5
50106.6
50185
50271.4
50368.9
50440.9
50513.9
50608.8
50691.2
50776
50854.4
50940.6
51018.6
51090.4
51182.2
51283.6
51375.5
51469.4
51563.4
51677.7
51768.5
51867.3
51949.7
52040.5
52134.4
52229.1
52327.1
52436.6
52540.5
52641
52748.6
52844.7
52942.5
53025.8
53121
53227.3
53339.3
53433.4
53540.9
53656.5
53760.6
53885.5
53982
54104.2
54233.2
54362.9
54490.7
54615.8
54746.8
54877
55004.9
55156.4
55290.3
55400.4
55543.3
55678
55824.8
55976.2
56138.5
56305.2
56468.5
56617
56788.9
56953.3
57111.2
57267
57478.6
57649.1
57819.1
58019
58200.8
58386
58621.9
58806.6
59018.9
59218.7
59475.8
59699.9
59932
60183.2
60465.6
60748.9
61030.5
61288.2
61564.3
61833.1
62256.2
62668.4
63065.4
63468
64016.4
64535.2
65034.8
65651.5
66319.5
67226.3
68373.1
69877.1
72238.7
82900
82900
